9874
8274
687835
547597
72
2648
9893
9571
9597
1147
73122
27481
86
244
741313
78923
5893
912
13626545
6889132
942
22219
263716
2341786
638
99
6599
6989
165261
618
3176
15
899
165569
5
64
6621
89236
373
53
7461
2
25
2161
893
124
213
19298
5353611
881393
853
995814
46569
14
1323
85321
2391918
11351
539381
93
2
82
187286
717
3
735
81
3
13
79362569
41944
65588
42729
2288
3361536
9348678
234
658
657
45
238452
4155
713569
529
6741
346
49
59471
274884
39197
598
22312
75724378
84
8593
37
914
27
1
9367
2182673
474
1385
99225
917
27556
77
44
33
83
967718
449524
62
7
3818
7366
2943421
8
3
1245
9578633
3348
858876
415
58828
37998
66698
865767
1
37
7347
9
7666
543
8848
755776
648
17
784493845
9447
7965
3283
21838
2
259828944
272583
68675
888
92988
33155
2779
535
286624
187733443
4814
94
45299
67
274
2673567482
98798
36541
416
118231
7214448
165223
52
6379
9528
926236
67596
915513
72435
416
476831
1229
7
521468
8561
928763
4452
563969
44
48
7
94722
876
31872
71
6
233
1
8245
3779
7
9131
82
9
143886
4
34
7
12
938735
77
652922
24
6961
318515
8254648
57489
4662
63856399
33473
1828
3582
579573
978321
167493
876851
4
68265
66967
2273652
542846
6656588
384
283537259
95619
46294
162246
21178
75
9119
4122556
22
4834
7329213
133
925
69
46617282
73
21911
841433
9175
225146
1535
7
8148761
1652
44
61627
47138
169
249
85
579
35
17811
895544
748
1511796
497
214
196
163544
5743
677
6
397
39842
21596876
4
77912
194
474759
78278
79
3223
6793
55
42387
92952378
6447
129728
824296
66262
1393286
56792
7911
5
22194
1736
339312
91483
56116
4
925822
7417
5
37
7684363
61
9369
838
829
986
831781
976
3287798
269
9114
64985
13418
873
22454
844
985
99242
361121
79625
6262
965
425
44
362
34278322
276
29
543
8567
3216
4244
815
845
7293322
936237
34
7555
3183323
89272784
91
19468
94937
458671
8
36634
5
9434
684
22998
9297
7178993
4692
6969
94371
8211193
621286
9149
584
97394
6494
4717
97
526243
736686
9242
213743
313988482
6113
7
38
2982
3787
964243
8977686
3
6891
548751
2582
5435
286
4422
9458
826
337
3459
972
669
946519
56429
67981365
27986
961
8399
629
9559
525
9462
1878146
3598
691
522
235
7389
478521
142
674873
76357
31
2533
2381
8
254
84561274
5
429
97229
5461
88998675
481
1871
4699212
912
12275
7
4128
6
531199
4853
99635
63678
263
53786
875
1185458
47
89872
8321123
47482
7782441
591
2166679317
96637
428
9535
1978
87513
911
891
55
362
4519655
721473675
2722
938
18168
231
76
2297467
7228
82446
21
13464
913
3429
274
947
56586
1677
41
68819
9742
9783
97
2868
795
437
2494
235137772
458291
1491
47936
2355
336842
597
513522
2453
6
3236
39
3245
373
79778
2129
84
5117
37198
731
18691379925
892451
1152
4
5298365
9957892
87848
1
7636
1
52
983
125983211
33551
72759
331
641
79176
4774585
14
816
35
72946
71
94
72
8943
1658
169772
3425114
84626
64319
69294
8675
3
2878
891
615
8471
6
18328818
371165
724
66875
575
44
736261
4917
258
515721
4423
521692
16452572
78
13162
18877
5893
7227
32817
544137
28
44
16
335
231
1987864
14762
492
7117
2
984951
74
913
8722
7
26
83935951
37157
1892
1
66
6759
1834
75
739
4699
88611
18559582
8
1
335
6156
566
195
5299
9243374
198946
63
186751
9
79
87211
157239
81693769
9927836982
227
511
371
93298
427
53727473
69392
2
846915
33
312
3641
6824229
44655
1899
8834
556518
81496
527678
67333
356
7256
816
821
496
45
21
1375
98
6343
7316
921
731817
348
921
556791
81576
8265179
36
87697
3
974711
56662
21671
934939
972
22
872
89114
4596
86759
973
2132
3259576
419
417972
9938
448
525
518
498919
1931
6192
95445
4356762
78755
41
175
79
558358
8434
577
3125873
852
8987
8641127
572
119934
3757
5
887
4248
87561
41
76659
9897
9551
49749
7775
23857
6
7615
5626668
345313
847674121
6181
2374
311449
4
75178
4834
718
6425
25
58
3646374
97335
7271
81
293467
42429
813
452
1633732
853
73635
5621
7294467
64756
251883
33933
9429
76642
34854238
7
143
235
3467
96
9119382
17
42933288
5
84815
96
69395421
3825996
612328
4782
142
7382158
64675
334225
171929
3
34
7551
823
55532
913
2883
234693
69615
43385425
1747958
7
739
821366
8437
11615
83821
285
34844
182
59236
964
182219
926
778
54973
46
59961
95
57867
39
57471
52
2382
278
9282
75
84
76627
2661
88763
131156
279
74
89
85
225324
597
1218
67946
5636313
48493
168
161684
62
9398
569
222
6696
9562
1
1
5954544
593744
17785482
9
9953
999647
284
8114
245
3878
947
35
6722
8223
77
34186
319
2732
66
351748
4529962
41915
8263455
66
472
498236
26283
84245
9577
417
36378
8311
4899
217435
44
2
3733736
62195
5989779
39929
28
982852
37876
1468
6465
787
36
665195
3
2213612
5113
3
17411822
763
99988
613779
5684
51
273569
34
3882
14113
6133994
769212
136785
157523
4433
28
9123684
6249
121
54681
67
592
48274
22
18589216
786
75832
48
5282
25253969
57
1147716
8548
71355
8166
5356294
1934
827
98788
83627
7
492185
957622
8377
96116
3523
4855543
814
444519
751
9256
4349
21546
339
79
95
738
77
93
38289
741462
295
5497
1879
9274655
79271
355
4368
46
8878318
121
66633
169345
4439695
9866362
926
971
542
5158
6268677
571
47184
78
243
3254522
337
427
72
147
6635
674
3658928
619
962
897
7
933
632
128
7369
52
847757
825419
21547
3435
156
5767
92
21664
91288
4255736
61
65996
18831863
6214
952
8426964
57588
93543
98
2763
891357
9
281426
659
112
4994
8918
332618
3856
89
7347
74
4
6174
718
9949
